1231727597488398336
729920084
3095844730
243691777
1155573027695996928
815211349835976705
1154759941888053248
849453548190478336
351930287
708695494931841024
1904354773
1246135674438385672
1287840346190348288
27067604
15623404
833786361714991104
2990997005
1031578966178455554
3349406315
4427169567
1270227291382018048
534976479
210939568
1213126621223247872
1212861623687241728
381661777
82890807
246138191
1016252907983949826
773801453332955136
1082371149898661893
1249172047420366848
2423538722
2790221072
957570986
81521413
3959166959
178184231
361517135
1226323506897375232
458242363
14499630
3965011272
112829445
1281033901406932994
23318036
1005597672210919425
776784981788090368
3632141249
8446722
16024323
1240756985764745219
965492083837538304
1214523064106602497
329848150
4911215176
115754870
998310887940378625
1293441518900924418
41754728
848648466121338880
18898143
293273185
1255843832958201857
1485393704
2182788112
1255503020147818496
1249688330784161796
1248671004051804163
1232158018541772800
1242137857617256449
1240339828220313601
1710819518
1230136981075656704
72552523
1122897011567661056
614694333
288911249
2948708360
1252420623013421056
729074048538398722
4296885322
1186291148450598912
191909440
226597335
20849083
1124375143
32277979
2402352949
22212500
2432106324
1246815434315309059
1176364616487776256
1046880498893635585
942782498932711424
105901109
1231972578090196992
37191062
401742178
1250429918342569985
3929979253
1250356625153699840
1725595681
1248344105136148480
750772760981430272
1250030600448344064
1249762642731794432
2278198998
1249515955270500352
900776443977879556
815764826
2189069000
1247951004445917185
710207795128307712
2377554517
1247537352924262406
37206796
968927450330816512
183317070
1208424799464304640
3845832693
1175140050717302784
30382639
1223638007682605057
1243885464089694211
407136358
1229190391448113156
957564688904138753
2780698567
886737759284719616
1242529329403305985
1006138452
1245472603730558981
1042922299178078210
1245456676620206080
1623734918
1677884888
1111285272350810118
1230244459067080705
794168203
213825065
1133185930326683649
117875503
203786025
872168839370420224
149593399
834257328346128384
771066889665650688
936984242722148352
32938319
1220408962195038219
15245402
1066147339235151872
14275384
2247056033
34946166
1224763398384181250
2712817820
1240812064068771842
1467331070
427161849
48447493
621372663
2161301690
1222895885899747328
1240696450134216704
18149142
881911657810800642
1179769575220695043
73657561
757520558192033792
475279367
903716420428681218
1033513845229334529
867206243898855424
8186272
1225533701448138758
1428465318
34828416
928899672470708225
3116252788
85371669
824950327061405696
24415586
713377426865303553
432181955
3819424341
1234566087385239552
542984026
1082497308246323200
15194564
4717632293
23669202
2216727434
23981964
1166543854373396480
1237588620317425664
244538607
15415604
1220293160653524998
847026115
1158855636601450496
1233200090971541504
1233189328404320257
1233167462046355458
2834312984
106926924
121888165
1017189740020490240
1001201645089378304
3016341922
1613756328
3225487911
1213687573563863040
74591730
237377381
3407705392
963798779425116160
1225138237343260673
172442947
1146754438255665152
920339653580017665
16459084
15852644
1122921580210921474
896611716498325505
2941449369
2932230082
829891263767965697
486905362
1033524947921133568
1108145963850448896
1204845654482325504
1212483097662377984
2357916496
3389365091
539639123
226593722
2230722349
827273317899915264
1329405133
943902614143553536
1206032955497492485
1205249473590497280
31176410
1189987485021016064
1553304930
372146065
4128542938
26144695
2830200950
1179468850204729344
220175997
160268128
1133200813843599361
816527180087824384
749379527273512960
1566186398
1201604140419493891
2336774173
1192169586755551233
394879847
80616082
602110894
1170968350639513600
1201950822021640193
3021206577
4233044254
21622581
1200967267107975168
1200856174297522178
121245894
1199807016392417280
630820548
2241009402
313078033
1197967895394996224
768157332543070210
1180942010171248641
1199683183941435392
938179955397144576
1195409726470868992
992409422382190594
3011355879
1189587927573127171
1106646229352673282
785886596121976832
1166755186846703616
14296296
1860498036
67096005
1080502695658749952
1081671069159907328
1150727434767126529
366088544
1171881670544363522
1111292184232370178
3189711455
309238549
1913840413
2919951234
3408676007
1192148521983598594
602329445
1193985186914066433
869576194571874304
1194612105724514304
462646806
1059869741609820160
16795445
2885216957
2374863445
797435729580294145
48446760
418631777
448905687
210684204
32294961
1182334276592898048
1187788628052893696
1014879949805801472
1019573080363032577
1188999778509688832
2547249505
937711160790519808
1189937446286438400
19098143
1185219269233201152
2927422466
1693987878
1187415745912803328
486083222
36052870
1165317534381424640
83847457
217554056
3222536209
584801533
1179585319567536128
91834523
1179141398542606336
20547002
1075067682444206083
1118961856163524610
3010443115
1111615524
1093247398690914310
1150046132
992213162
969312715163488258
2188842884
937696388
775709821588811779
1062845414334980096
312537730
1184686787454799872
983781012567220224
973382569
21351147
1183178179269320704
1470946824
3947882843
26043268
479703082
1088100787
93263074
1180113195937288197
1045756170806472705
3422594897
738461704623955968
241970554
748522543
704323802516295680
1177598284988387328
1173188806092173312
831723004648357889
1176604743126401029
1044930869935378432
467609115
1176722936952229888
1128003659516792832
20521363
863344063
229488612
960633809472499712
286326793
14728486
778315429190201344
1159093591127363584
52522194
1174015153135869952
755389866884624384
1174002253159706624
789626354367098880
1164168558647095298
399601735
26533403
1172350454694477825
1072247124639789057
1111311080591118338
43594186
827723293339820032
34960999
1512211704
710125760
1169401386674507776
424433522
42085971
214284819
1170971584116297728
1170942548489244673
3932191647
1156204258099900417
14960215
1379129154
2537895950
562342062
3318523992
1045001842164477952
932920992
69391370
69783137
1723403634
63795528
3172823827
128314828
1114527347808464897
22598976
550404348
186552980
607190392
177984613
4061032277
1136335577425600519
157010204
625228254
60828604
182332519
739110328571662336
3393944027
16245208
3302217892
4185125062
788386864998658049
20740543
81009375
47980794
1011354334192390144
1099049967673663489
890588056620851201
3369710387
114801535
2607869221
719191732383059968
2406645470
780536169087930370
107330329
251341054
2233584553
885830363720802304
20023845
2204925782
585071121
1460995105
17351052
593055173
2418333367
102245608
1116020132168572930
1061762125817896961
952243365243949056
1131552890768826370
979621740627333120
110890366
1132323787817463808
385772960
1132478238125625344
21024584
3537783077
36001223
1659000126
22497268
1131368570468937728
917503412
339863678
1942267142
61263504
853288734472589312
297608951
311276757
2474146812
21982222
133748870
1042077054693527552
30439846
70757632
181800426
95949373
831215352063389697
2918361220
145917975
27634397
1092496771811549184
137298309
50693266
15264675
1119523480955961350
775206317208186880
2331381869
827672525316448256
1075530642677526528
128586415
1090095386608455681
12352312
1110626252015194112
803707636306870272
1108726815185661955
20779448
277608786
523838847
1022881935234932736
1125088894012272646
18358270
265004221
68792267
1099058195987906560
414204876
2875593674
376040800
1114336155900829696
1123250007778349056
825841059339104257
80621110
735414019083935745
2478867785
491224769
437053342
2403520920
111627519
2243936072
15347020
17447380
1066915724168433666
208739281
1118882111182770176
722464536826089472
1038106428727353347
975175348362076160
35715911
66851804
963053192505450497
1119062298394550273
33487421
2332147716
1118850602254196736
44161805
176805136
1054498094639792129
820134889253142532
430775581
3939582921
2881042870
1037421772805685249
1083232234189012993
142741454
3355485209
1030082224400609281
712626804
1251175686
838759973085724672
3170426290
1115986600763297792
4100044942
792184063276752896
155601793
34419095
850715165695897600
768509437409693696
898619777006026752
128868235
499396922
103340218
34493707
799652180974129153
1046272477427511296
168505436
281640521
1012197029051760641
980637382214144003
507159812
1366524332
2470021867
270841393
2870785835
1089186744652783618
797368916779606016
33978061
340380407
2892378801
29599690
1098298810588168192
877161518433005568
130956351
47520919
1098060525362126855
1097700925790072833
3990098423
969984483872133121
928833858
100803521
2786091286
1047392862873276417
3084097847
1096087520700379136
1096115889836081154
893591656452300800
1032695568416628738
37225019
2442623100
989347963523747840
270361934
225109694
1029055651627130880
342792714
1031682169763246080
1572717110
834637525637591040
32545217
1660773732
1521666486
2623241758
1081310648515076096
1038613893441044480
856286829640900614
943823297912999936
3042357268
575589179
3201640359
1091063940845576199
898219267291848704
1090679118688075782
1089973720570122240
1022324460299464704
1636052539
18590012
626658425
1072257543123144704
2864243901
1953285932
3334369960
39351968
528219014
1088464958910799872
327010691
730978603433857024
282304423
848807232
1080557372320428034
1087206337300361216
3714664937
135451662
780749682
57693137
15718314
1042123818079346690
974881035237412865
1085637203483639809
903432592829157378
837326818927591425
1071091886285381634
4884989751
486140077
22928110
1081724326448168960
1039328916933156865
1035624732811567104
1029361925996638208
27109767
256343772
3253564446
23962190
427951650
1067745507009794048
1079119828726747136
2310872131
1186861586
1309326744
366407428
17128761
1037755641195114496
1021780749383598081
2182726278
1072552776281022469
1053175385695928320
971371610535006208
892719213420445696
254114249
231862478
1052800682057555969
1551440827
1071828084788289536
857437618254086146
847021755235553281
250437142
4197645741
17631203
194328052
1020407152614223872
61070191
1062482653981622273
753942426163773440
3020152691
1053285164422516736
880583263915569152
15238874
816419151875018752
1048061251845328896
286852624
1055504441972047876
1066496908263337985
989311410600542210
268480407
1065584724024922112
101385149
999217290
544078449
541067080
468445212
117073381
449120897
538342638
513336646
45243410
531693744
526578001
239509237
420017699
52526544
395381456
526520383
468389191
266362215
113781970
522551018
522385259
106440085
520975825
226241545
58590381
357618204
243758050
25845634
370344501
494036810
56508902
512549588
209722185
510660033
25523948
411978163
250720349
506449489
381643120
19496411
382063695
86155540
258900199
88806960
22799824
316557316
490648827
487260534
89479750
223336214
95780740
87267550
467688859
40676426
22638259
103746445
139255977
80590749
91008358
473359318
89766439
472066768
472059516
147684224
320846576
462506734
106746610
272495290
26871047
449412368
437201704
154947460
426824026
267878214
62675804
317348740
382321438
42883134
309699184
274285264
277659827
215024626
389945534
30218799
188361460
355474067
27335546
97049211
