612523158
71266832
1267020204426637312
2743960875
1264995419815383040
1265393978733662214
1254764090020388870
1256028014116126721
314800453
753783219829534720
502142215
1248627748773322760
946986205
1233167289291362304
1155239707695046656
1166010251520421891
944066929811247104
860590474394038272
2320089686
1251769287360077825
370877107
835616792919814144
3225793654
1250464487473385474
1122639226158366720
1254786555589177345
1250807014328086528
1253719502581309440
985342745849057282
864280504253730817
265174022
1250857363546017798
1250745337272250368
1250233997139095557
1718783106
1247699110230134792
1078256657124212736
1641182455
1071434691859881985
1146142266429464576
1005046411
2270931763
3998053456
978015284517900289
4187613197
1241375857660309507
255133757
1242837447752507396
191924941
1206880791516655616
935321560629628928
980438013930065920
785159056709279744
1214704269892476929
490856029
748650219718463492
829488593542533120
44425509
621198559
1232846121912995841
1021476678260928514
1033238471773700096
1083349426792513543
509631569
2280412625
758124131351203840
1695403975
939301597443710976
4854689775
427778635
2765152199
2396788634
457644776
809383986
3093720665
1234412299668148225
343151419
1225154299543597058
1211149487902613505
1055149426958917632
40170591
539351171
823002490950078464
3347278751
952869684
1237469185174900736
1236517999022166017
926987385509998599
458034227
1118412923536150530
3038055555
1968028981
2809424110
1096220114855301120
3309539822
47449651
123420563
2445794089
94496757
3851619198
2394216284
1179783681038311424
906737919112687616
851696917
865116270
3091912324
839076044585992192
708807024017076224
4863003645
1179932965402484737
720250213
872642990426206208
2308432407
1068970773275164672
244366326
843243111723778048
1189228258128211970
1173423266083561473
1160982475612594177
1189718978014449664
3434276513
1312463636
1184843979407409153
996645631056752640
3835919794
1180198179905642496
1091567575455203338
2763346070
867133073133113346
1514796674
209286977
1564082539
1172329010904256517
1272995141947494400
1205342183970111489
1123753424565284864
1045102333
1124110413082365952
1280232540981387265
57787050
1226638201315450881
1272033687790485504
1040024800088023042
932012224071086080
1127394417625559041
1069779683984605185
754453887789051904
1241935753539538945
729455820207886337
928462711
1041376079607418880
4921272320
1183122834589175808
1618750082
711247510669406208
1152274504284102658
853767995973349376
981931748354330624
3022018411
795141538149863424
3272383062
705209137634758656
839616823624523776
1056773473727442944
1043897441810931713
809268341797883904
26647181
819742417926533120
3601093632
715411047
1137796860096274432
918972558300647429
1032448558123892736
936796628379492352
1108519262249988096
2837776579
1626949820
1024116763875782663
1109219339314573318
222728078
1047123412420841472
3386551845
4188236314
2352385362
2247280439
1659306301
3271409840
717424693
1558541479
1140563454
1692262920
2784494687
712644835
1254786555589177345
1168586682033168385
208867356
1275505950129106945
1092155790553739265
833794314878775296
4238975292
1120789413758369792
2347613490
758514012099403777
2818042877
2278328965
787015045460787200
753416237573509120
3325436611
838077515029745664
756923987280756736
1117777750654431232
894234066043756544
2448207420
875832107741982720
1703748757
1192275639291629568
841829986071920640
1122838371712348160
958407109556699137
150304046
766712378289426432
1197223628678430720
1172907958319140866
1221877373173411841
1237773610846244864
